X1	X2	X3	X4	X5	X6	Y
3.14723686393179	-0.3874701852929	3.84428388245337	2.63161852156887	0.150034730002651	0.565550546138779	I
4.05791937075619	-3.89954953597803	4.88623874259968	3.76577399609669	-3.95852896658004	-3.06161321173197	O
-3.73013183706494	2.81261654234013	3.40184749047076	-3.88190181734165	4.32788997807315	-2.44796691334893	O
4.13375856139019	-0.46556438626201	3.92389233647218	4.36060478793107	0.639567980411909	-0.141661939947342	O
1.3235924622541	-2.02897549249997	3.60771100830652	2.44690709839027	-2.49530725315969	1.92033696919662	I
-4.0245959500059	-1.41599623477086	3.19681589981258	-4.65967495642924	-1.77004660588023	-4.18915383424117	O
-2.21501781132952	-0.175639612425251	4.32733821837312	-1.27800901923433	-1.54735882246232	2.0616666114637	I
0.468815192049838	-0.687751830873828	4.31376363876646	1.2243711285754	-0.103325659879	-3.83263578917625	I
4.57506835434298	1.98822552413114	4.37959630851855	4.7053814411355	1.9825876452072	2.83310923795209	O
4.64888535199277	1.75066488042303	4.41599238563277	3.84049796310284	2.63630546040356	4.7270043636469	O
-3.42386918322452	-4.93129008193811	3.75631495538932	-3.25669362590358	-3.93212967990051	9.82290670437186	O
4.70592781760616	-4.21010276891135	4.1727654671102	4.22483632189501	-2.30218570070488	-2.17834030319601	O
4.57166948242946	-0.393733795910055	3.27633383977989	4.63881298927288	0.285913647641231	4.94071934335171	O
-0.146243512771588	2.77536281453544	2.91805165543318	-0.902246609874541	3.80438201980822	3.44426665114596	I
3.002804688888	3.16763969058827	3.91366767491381	2.28416443875805	3.8652320864219	2.53680470075795	O
-3.58113661372785	1.31388044045389	4.74705565294885	-4.2677913716597	1.75262142191563	0.761966439780963	I
-0.78238717373725	-1.35123890464088	3.27275975734591	-1.35733719812347	-1.1776763078416	1.71428327709157	I
4.15735525189067	3.87498137898593	3.76009456308698	4.04774656727015	3.65874949497829	0.481817026492096	O
2.92207329559554	-2.49073173495858	4.82223942702301	3.4244361612727	-0.7576942839113	5.40206252206511	I
4.59492426392903	-4.33880965512201	5.06307582100216	5.55547768729189	-3.87597206251075	-5.40152412528273	O
1.55740699156587	2.27151179078646	4.76490426836147	1.32673456413075	2.95546893197385	-7.08193342798624	I
-4.6428832142581	2.66797532489449	4.33836061795783	-3.98085636333238	4.13559055972416	4.33055825749256	O
3.49129305868777	3.98325706370439	3.78502901346948	3.79930650841864	3.81032171148319	-3.68848005278952	O
4.33993247757551	2.66825438969897	4.3052427464148	3.54544625268775	2.84391682327711	3.15714897553504	O
1.78735154857773	4.46883448881301	3.70155590207299	1.80900421215713	6.40693758758072	5.37108169819436	O
2.57740130578333	0.357332290602065	4.55645665308784	2.36634878018512	0.853574723192535	-1.7625012466323	I
2.43132468124916	4.59780779424305	4.10246902309132	1.55223774057806	5.35815106180076	-0.585949873925473	O
-1.07772980465832	4.78188331630221	3.53662765358539	-1.38443747172898	5.11722565583319	-1.98083534934628	O
1.55477890177557	0.221001936059722	4.05544857649898	1.28278659688308	1.0118214145114	-2.07959894671249	I
-3.28813312188438	3.45360094810423	4.44652739194639	-3.22375463740099	4.05552469288847	-0.383177027106575	O
2.06046088019609	3.98026506709126	4.79526326419438	1.94843656285857	5.28358793531554	6.60787007627935	I
-4.68167153622579	4.3122872421728	3.28813127468925	-5.27250976266388	5.51468720752458	-2.23542805086795	O
-2.2307701503911	-0.423603690012656	3.62484854324889	-2.26493236785189	0.397874199372079	1.33275045708997	I
-4.53828609368846	2.59161568301128	4.16698230719848	-4.65358464647574	3.77233261776144	0.474718027655401	O
-4.02868218764152	4.3879585214302	4.40218603600608	-4.05421492601356	3.83401909550666	0.652994343272114	O
3.23457828327293	3.10700710998895	4.13685477797769	3.48645363296892	3.15256466749616	-2.80886482085211	O
1.94828622975817	4.30391955487759	3.81356396158092	1.24641916890599	6.20025120445814	1.8018894758546	O
-1.82900519939139	-0.530427008530124	5.82813724743636	-2.3132026604292	0.85827424747616	6.05333695836844	I
4.50222048838355	3.33886065830377	3.1281812325855	5.19159715447847	4.652080417836	5.17472893852098	O
-4.65553919497091	4.87781124263612	4.86269601817205	-4.33270496067456	6.32743554014958	-1.65680832250563	O
-0.612556403436018	-1.30360569154147	3.92114550284906	-0.486684755224292	-0.0560285353818153	-1.55764904003714	I
-1.18441542906992	-3.29233015226696	3.38390435961754	-1.12516220749041	-1.85799419371194	-4.29148363626757	O
2.65516788149002	3.23165410822415	3.79944836535796	2.57636140011826	4.42295276016175	-2.45830354311486	O
2.95199901137063	0.870572721787719	4.53830893599862	3.41889381869162	1.24248640138227	-3.83967075337119	I
-3.13127395445621	4.61611628748891	4.44280228139753	-3.48401845481643	6.4615746213395	4.47507281809282	O
-0.102356042117689	-0.108706798151026	3.02856630843452	-0.447650124454276	1.37246857992293	1.57475562199074	I
-0.544137992891005	-2.46477219478863	4.40662914123703	-0.431792209011111	-0.838812616611235	3.72571566853645	I
1.46313010111265	1.78224126939535	4.21406514905017	1.58208561069632	3.5760742463024	0.875916920321681	I
2.09364830858073	4.14491782054582	4.52616996547608	2.23420338427141	4.71289910863578	-0.324608456057461	O
2.54686681982361	1.17074790070565	4.84215302467801	2.27351445666111	1.85300866146787	-3.76322256109234	I
-2.23974923001422	-1.77501260827953	2.77893664634682	-2.66458847105877	-1.17847617934351	-2.71192939396399	O
1.79702676853675	-0.0948807005921126	4.64591911619432	2.15019901598623	-0.834305285205813	-1.0230095171563	I
1.55098003973841	-0.925446575646335	3.64040225130435	2.02287502099529	1.03379912528857	-3.08829127632802	I
-3.37388264805369	-4.16060376405916	3.62274679221819	-3.02256886833094	-2.95398044444818	-2.88661443618209	O
-3.81002318441623	0.919595244692893	3.56043607136248	-3.31514725824792	2.91072645679193	-0.604525523742111	O
-0.0163594801785705	3.790154786391	4.10905463821642	-0.46275026666703	4.52204044372152	1.47005786282513	I
4.59743958516081	0.533078614048192	3.82419232200966	4.40388294553777	2.38743002914701	-0.51866866517283	O
-1.59614273333867	-2.00528931443901	4.18422308359704	-1.67075994361279	-0.915036943600354	-2.59321928031685	I
0.852677509797773	3.97008315680652	3.61036896475334	1.86637186194323	4.01161689173197	1.25002364672953	O
-2.76188060508863	2.94306306226872	4.83776758278097	-2.6019135224479	3.83176164079288	4.55798378740497	I
2.51267059305653	2.75812455441121	4.08592480702023	2.89166486362686	4.19161025480925	6.36118406128784	I
-2.44904884540731	0.989682964746996	3.43770148726362	-2.13273603798242	2.45438469394388	3.08626213310129	I
0.0595705166514238	0.572210230591544	4.10425716402134	-0.513467012279719	1.05309573677668	0.330872754914087	I
1.99076722656686	-2.00292367930418	3.94204620400854	1.43934587592829	0.215875025653077	-6.42099939172	I
3.90903252535799	0.476572544324234	4.53887823559991	3.42535485048731	1.35891803806488	-4.13034286665091	I
4.59291425205444	4.91829829468103	3.65855808030209	4.62762230244491	4.98192167060903	-8.88273466738823	O
0.472155299638031	-0.165870295281904	4.4629380696127	0.0181398759884557	1.39996617946909	-3.78358580083754	I
-3.61375557171321	1.84773696180477	4.25087681953988	-3.46006359580023	2.42017618120104	-4.31958162858266	I
-3.50705994440943	-0.199831688041324	4.89271586410679	-3.28221585656696	-0.162721448780213	0.733965276183664	I
-2.42491745876264	2.46520774837809	3.96648408181153	-2.5829984795542	2.90343144569091	3.08770672776507	I
3.40717255983663	-2.88577569741997	4.68365350019939	3.7402216002577	-1.2506940836928	1.78674708083489	I
-2.45717821028469	-2.51513273531486	3.89304792962564	-2.57073972957829	-2.4714247119693	0.752053272988038	I
3.14284826068816	-4.02160920427483	4.44880359629734	3.43763648971194	-3.40294800223907	2.32521932125398	O
-2.56475031275011	2.0867043451161	3.37619467317453	-3.40772053696266	2.88934188745213	3.64327024401136	I
4.29263623187228	3.55745919278928	3.7685055594495	4.5630203136374	5.00357023390945	-2.46179898925355	O
-1.50016234015191	2.89034249923306	4.02084033557559	-0.943671589411715	4.1686899693761	-0.038484586099259	I
-3.03404749568792	2.42842549759275	4.30379588761779	-3.5987724979276	3.16798843703764	-1.40488255435091	I
-2.48916142023969	-3.95477884776928	3.58561935273382	-2.47692761706872	-3.93692061696544	-7.55644150101096	O
1.16044676146639	0.208749092651426	3.77043143607852	1.06726693219854	1.07115859136859	2.48123402026917	I
-0.267111510972707	3.46632465315532	3.4100955688539	-0.575325670543017	3.93056834672394	3.3345257512966	O
-1.48340492937003	3.43613150651208	5.34560816446623	-1.29721145582426	4.88131274811904	-3.89971096071162	I
3.30828627896291	-1.22252702300478	3.61806688915295	2.82811362178632	0.0277008581880673	-0.327520432668514	I
0.852640911527243	-2.27904638538032	3.89774844357623	0.860708090493747	-2.38916486760634	2.98916713222313	I
0.497236082911395	-3.74696075697062	3.13220201278388	-0.659585155037355	-2.92906581977671	2.33535318976231	O
4.1719366382981	1.9135253930652	3.46168656097724	4.58288389364709	2.32722663720055	5.27353635316538	O
-2.14160981179626	0.551311640405512	4.02318218902708	-1.38947391753646	1.00824571269454	-4.41421008100726	I
2.57200229110721	-4.9152576805844	3.58410456288872	1.90387608310719	-4.99768048762067	2.28411725648147	O
2.53729094278495	-0.839681928310816	4.16073010840282	3.90530433377111	-1.31067112808061	-4.4379349527225	I
-1.19554153024643	-0.608817945885302	4.54669100918167	-1.434419995513	0.0653128219763846	5.7551992300998	I
0.678216407252211	2.84360645016731	3.79738581384996	0.9452070301869	3.02510496402312	6.29925551906101	I
-4.24145710436936	3.29997491112413	4.57302909567933	-4.22771151964032	3.55959299119819	-3.53894461576018	O
-4.46049881333393	0.896064384547588	4.57632529361775	-4.0636343606751	2.51195691444195	5.90041040135614	I
0.307975530089727	-3.57925961728313	4.88401215301072	-0.168991860815163	-2.4442155712722	1.15601099869281	I
2.79167230102011	0.933133837115021	4.30552487176503	3.41011055005078	2.68047506236152	0.968720126759088	I
4.34010684229183	2.26192799270104	4.02306125755957	4.89138510538029	2.92636600469397	2.03181327227862	O
-3.7009379152627	-0.716196418663039	4.99570100107655	-4.27208535417171	1.03701391139736	0.383325470688913	I
0.688236608721927	-2.89207944013868	4.35906544806577	1.01362610285844	-1.78830255687888	2.27228447601876	I
-0.306093589417942	-2.34615731595732	3.95952742600553	-0.100057611785251	-1.68609950658445	6.08406507777556	I
-4.88097930498759	4.93183755212665	3.78630638365972	-5.120253988476	4.82799897544792	0.973597570354555	O
-1.62877355601118	-0.192436304932951	3.89109186047793	-2.88552404379545	0.992884890232185	-2.02300359965169	I
-3.37817691806757	3.2775013186447	3.87354505525954	-3.14182190292289	3.72169359861835	-1.42402453257956	O
2.94284540683907	1.03238265822881	3.60537470487396	3.42488148172917	1.03150855642643	-1.68248879483023	I
-1.88784957955195	3.17841681068066	3.98392986227364	-1.22887620725845	4.44702093800363	0.71225214019615	I
0.285331355062127	4.55547170535556	4.29852108799431	0.321392870544667	5.36441616057438	1.14132182269273	O
-3.34351270500219	1.50378193390669	3.94852487733589	-3.05464548995666	2.95206002784454	1.74433134347395	I
1.01981941401637	1.27647346270777	3.48305137178057	0.496357233163375	1.45400398361537	-1.05345449522627	I
-2.37028715459856	1.46563331304311	3.69479329082386	-2.60964731201756	2.51805416474459	-0.807350991785718	I
1.54079098476782	-4.3786687130828	4.25276351803432	1.06039608039482	-3.52854068646072	3.66926512493532	O
1.89214503140008	4.3819664587878	4.37898336590842	2.59179676634243	3.77517127071311	-2.45988218012902	O
2.48151592823709	3.98716437594415	4.37962376260708	1.79757706213295	4.98565768308089	-1.56772631190676	O
-0.494584014975022	1.94859162934643	3.59524452023698	0.649619072630931	1.99685750917192	-1.40065813420499	I
-4.16178622003067	-1.89593828770579	3.75256993489971	-3.3430432516785	-0.926141719943295	4.1443447062681	O
-2.71023031283181	-1.56454394369634	3.37329051310568	-2.37912758389484	0.0526469063230428	-0.465422732476816	I
4.1333736150167	-4.2377055686495	3.80565523724862	4.07628203517852	-4.06725007583657	4.06658684644903	O
-3.47621981030777	0.198369405962574	3.48037022620053	-3.85026348568327	1.77170766147812	-3.95489862093442	O
3.25816977489547	1.08777321469076	3.41541880973933	2.40733968638406	2.27119662708102	-5.05081274669389	O
0.383424352600571	2.27159960434458	4.36727747423677	0.356468975524805	1.77250942864909	2.55057984987669	I
4.96134716626885	-4.99926066422946	3.00597001772854	3.73315424353953	-4.73454201578142	-2.85691566557294	O
-4.21824471246816	-3.30233731203603	3.86478967802456	-3.08800715934647	-3.07531441403103	-0.306965738031591	O
-0.573217302245537	-0.367089763680107	4.31593945991113	-1.25270110847745	-0.279045681892607	-0.968039461993218	I
-3.93347229819416	-1.38147848728216	3.9960388685933	-4.06467458429032	-0.713182998475242	0.441696242901646	O
4.61898080855054	4.52065614552366	4.11162836889907	4.9795968051229	6.02040844024252	-0.527248238403937	O
-4.95365775865933	4.32193359196872	4.16880510009133	-5.19557299469172	5.68742866277284	0.919541281184823	O
2.74910464711502	4.58068660798924	5.50938819334609	3.15595414129921	5.08251943982797	-2.55187711980417	I
3.17303220653433	-2.93461579591757	3.69279414141095	3.99309939580437	-2.59240238929349	1.64903373321555	O
3.6869470536351	-3.40299265947347	4.2965753241718	4.2346043475226	-1.94609623875962	0.867406314532919	O
-4.1556415448909	0.71760567030289	3.41425510975031	-3.63843353379901	1.337285123298	-5.70824386478311	O
-1.00217350901104	0.929191915483009	4.49768939428215	-0.951031035125343	1.62200309690907	1.12992608171098	I
-2.40129597149346	1.98610749870688	4.36697921021199	-1.74950953434847	2.58467840204219	4.03472924845168	I
3.00068480224308	-1.94186535918965	4.49767392116505	3.50957302080851	-1.25966391264571	0.0536263471754278	I
-0.685861725364554	-1.06148658921664	3.79964858451811	-0.602433300283508	-1.61923102922732	-0.339983473425016	I
4.10647594429523	-1.63114173914893	3.78666193496394	3.87553956317005	-0.18599141542753	-5.16164097124307	O
-3.18152971697148	-3.71006958739564	4.44433248521855	-3.02040067311131	-3.15227047245267	1.08476508124113	O
-2.3619708347801	-4.13063643892794	4.25271674289608	-2.64391400548298	-3.97342134809776	-1.08661770107847	O
-3.54461019615283	0.489433488060397	4.77827348317379	-3.9554853152171	0.809123160972518	0.81501152106566	I
-3.63931441291336	-1.8226675485917	4.41873586759676	-2.83623850554835	0.249333694698043	-4.96874395182696	I
3.69292207640089	4.92747576055697	5.32296160940982	3.47703110678651	5.34965660141412	0.385055237246625	O
0.797045873655702	2.23565253441234	4.74324177198547	0.245367497335792	3.12296534962483	-4.11110678213626	I
0.49860201836332	0.721013901057902	3.32780490400083	0.263323994792217	0.393220006415424	-0.575339846478575	I
-3.55045201776273	2.17227171632155	3.25340640336412	-3.81645074165629	2.5446356761866	2.95545847838381	O
3.53031117721894	4.76559227688336	3.7611942060764	2.82043875355063	5.9197769304735	-0.668093679803179	O
1.22055131485066	-0.730094417691897	3.35758392020302	0.433365323940879	0.0348818891949263	1.25136740632379	I
-1.49047619107729	4.13013771059024	3.85908966904004	-0.823687451054416	5.1870872011356	-3.89997199383155	O
0.132495398670534	3.97311254281181	4.57722253296142	-0.0252091117471023	4.24639375401648	0.0354727746123355	I
-0.981919662480583	3.35228567475913	4.61417763374248	-0.198585489911874	3.78424391112845	1.80812352698862	I
-4.24033308309158	-4.52041828587255	3.67027641526064	-4.31943427717407	-3.67618020242607	-3.663083155394	O
-2.60083846446342	-1.40719430586807	4.66797451379015	-2.56873727789115	-0.613947692067851	-3.54579624057414	I
-3.76681065164834	-2.04246103891207	4.29500765735192	-4.49909856737513	-2.15161254150171	2.87896370272105	I
-3.16092211717583	1.29125618231216	3.93109736882277	-3.23726877057837	2.6202082137415	2.40545319291064	I
-2.60047474335097	-3.63816198311063	4.40608594449982	-1.92112118872073	-0.63714574488645	-1.76856801723757	O
-0.827329309156305	-1.25954198720846	4.6890859053169	-1.6160830027151	-0.993790459305115	2.21648889253932	I
-4.50345569674258	3.64781698209823	3.84265428394019	-4.44154488609499	4.87333442751556	1.53188215455851	O
4.02716109915281	-2.49726408058512	3.98810736280977	4.73968232664733	-3.33978883556322	-3.20491915697199	O
4.44787189721646	-4.70494421404944	4.0874598792447	4.57934486274449	-3.47694796579483	-2.35753152755255	O
-0.0913590753192006	4.99448971390378	3.81687325857993	0.399602733833513	6.50043829314148	-1.49655469862314	O
-0.107473615999811	1.05142675082281	4.24001633430127	-1.1868010655269	1.55168815886126	0.23383491790843	I
-1.62280590178623	-2.55804878074614	4.24852094431589	-1.40476485827707	-1.64228898804981	3.31686671337349	I
4.00053846417662	-0.618047284463904	4.6360126672759	3.76724946337843	0.385786630898874	-2.02424261589667	I
-1.30753218879785	2.35093567145817	4.04428317953498	-0.797498961098181	4.09379198278592	1.60117374343223	I
-3.88797244706213	0.579890922382184	3.61814493949897	-3.98463698285407	1.87353109398287	2.82924386088369	O
2.80252068321138	-0.616606104664437	3.95831941071881	2.58595167727598	0.83311943781163	-3.76440926910148	I
-1.10261163038747	1.03541763621437	3.94939111692812	-1.43617267977443	1.69536423321829	1.25879377414608	I
-2.58308714086167	-3.19001185621788	3.77908260577489	-3.32457582490368	-3.12796281649119	0.0189878462819274	O
-0.960878544118853	3.08786139096593	5.29547776297461	-1.80773863011719	3.71951403050288	4.2058206033679	I
-4.03545474831611	3.19058429818549	3.82329014161262	-4.16886447230599	3.56299361561003	3.07339100458396	O
-3.68026707393665	-0.127642816883642	4.03017870536588	-2.56031573238613	0.903625871458244	-3.15923396808463	I
4.42050590775485	2.55050397326748	3.67314391423068	4.61419235769642	4.74598893060089	-1.57912932465957	O
4.56134540229802	-0.956274672622925	3.99605207048302	4.38371919687173	0.0234346019864865	-1.89534823191024	O
0.752085950784656	2.25676304367456	3.81517146910159	0.575529667927826	3.16915516505341	1.53596444690603	I
-4.40220457052844	-3.45991419902085	4.03723602247628	-4.42325989500924	-2.57476733994279	1.78854451152332	O
-2.65220086627594	0.0907327902991961	4.12900469382534	-2.44958769160419	0.525199814353104	-0.494864922196944	I
-1.46841428777929	1.68035593540186	3.85293536144422	-2.44639250905798	1.14752683015782	0.566639153429275	I
3.21194040197959	-3.47424347095481	4.14521593436003	3.09940157475005	-1.58006418700232	-0.527625893703781	O
-4.84596562348445	-4.37303985786479	5.34551600681332	-4.12007339056949	-4.04747670470933	-0.707595907979749	O
-4.56976198342192	-1.62885117155845	4.60299475326847	-4.6087911294442	-0.700470816649655	4.23484646641825	O
-3.31009970537296	-0.540560195263584	4.39374087130464	-3.98635875643828	0.417241712927496	1.31904130514144	I
1.49115474956452	2.57648467463006	3.53304820411732	1.57207589949116	2.47903780523838	2.5330074204756	I
2.3172238565867	-3.69466421048371	4.34279467532086	3.14721998888122	-2.28335909988154	0.624239538778937	O
1.47745963136307	4.0151183576853	4.56490623016653	0.827113603161586	4.73858349711932	-1.6982911809046	I
-0.490762935690551	-2.796617595522	2.86506524187194	-0.37499625464403	-2.66881414278861	1.30600557547569	I
0.47008892286345	-1.21449262589335	4.13468889924309	0.645143228003049	-0.255621731698554	-3.78463520803901	I
-2.03679194392227	-0.772441116266603	5.31703522915495	-1.77238851829422	-1.04120850785891	2.99315565453439	I
2.44692807074156	4.72686200089076	3.51443828795748	3.11131059106082	5.63575069426615	-1.99354631932449	O
-3.11044984967455	-3.22983956495043	3.45162865893401	-3.75086926320381	-2.38681048567384	5.0754976755882	O
1.86775433365315	3.82276510650048	4.6732715421981	1.19290463216558	4.27505537946662	0.60814347121996	I
-3.1648884426273	0.512573504929015	3.2313085703336	-3.11794728838672	0.516517504244253	-2.48649617247588	I
-1.31515403509664	-1.78508092278649	3.76887957726146	-1.47891625654532	-0.716198544329813	0.330368150721603	I
1.2561856072969	3.99845601217554	4.17987555030893	1.3012270538934	5.08740186988383	1.0002687524137	O
2.80227435151377	0.421117203743947	3.82877278089899	3.05990075300948	1.67677870902168	1.75471013334718	I
-4.18874231134215	-0.371107438152312	3.9477243422127	-4.37194073297445	0.70619820659057	4.05947579284483	O
4.2938597096873	3.07974927922483	4.04926189483722	5.16613798929396	3.86479470118241	-6.23335673633622	O
2.75712678608402	-1.39181758497461	3.74569435226618	3.01849915106789	-1.0244423067661	-4.32109842011614	I
-0.132083675968276	4.71002979809595	3.99164390675494	0.604707407141971	5.60276490541704	-7.05624019915522	O
-0.641414114190809	0.555173244310482	3.44494751611811	-0.540058646234443	1.07656709384578	-4.89266296620847	I
-0.532162505701937	2.69819702776687	2.96822439520552	-1.48518586046389	2.28522858780735	-0.620131808954151	I
-1.93650527983443	1.80121019128845	4.54306971872088	-1.996470131753	2.94483709617397	-4.29007304529554	I
0.0850865538112699	-2.94800448979645	3.02262670226604	0.0603394370631917	-1.62268384908745	-2.36938425825429	I
0.107715641721097	3.34622933076673	3.73548388580593	0.971383770676496	4.23331514385739	5.48963677115448	I
3.17627708322262	3.65467029729352	4.80983496162062	3.24124014242112	6.1324854527141	0.60254730647689	O
2.94831416883453	-4.58479217305735	2.87022509965053	1.96433724200148	-5.23609042382429	-3.99237606416916	O
1.44318130193692	1.14193025281795	4.07002895341863	1.66334660670938	1.49250749369601	1.27300970428887	I
-1.21390617339732	-2.2671976875424	4.49732503555104	-1.51875911633303	-1.63719689001401	0.522766964206129	I
3.11580458282477	2.46706917123192	4.89594104323248	2.73905162909457	2.56723873741996	4.0232612149471	I
0.328255887994549	-0.121280532538425	3.96161838570313	0.368650745522903	1.99180741072344	0.296028567190888	I
-1.49272896423117	2.9237549386471	3.87929237828762	-1.40082198321128	3.46299795801414	2.98100313072845	I
4.39001561999887	0.244628959153397	2.98166659879691	4.49562413366039	1.52007636817968	6.08508806170391	O
3.75942811492984	0.975115254771234	4.13339181961412	3.83496983977562	2.74552006336046	4.09842967586247	I
0.501563428984222	-2.79969802894167	3.60200800615544	-0.262157243226058	-2.8113524367614	-1.05405756053847	I
1.22475086001227	-1.35980743283047	3.617836335806	1.1218048804177	0.110053478556246	-1.25271452386994	I
0.870447045314168	-2.02757969304198	4.16239437729551	0.391118178527557	-0.496361854680716	-2.0091238796681	I
-2.92257707266972	3.51616918974204	3.92049108562507	-2.46841657718548	2.73130118605657	-1.13890860938772	O
-1.98753669720509	4.73689594593274	3.69450803067304	-1.72123037779046	5.88164625707989	2.88252029113398	O
-0.290766514824093	1.23621604130313	3.38740573286759	-0.384507806984761	2.34825902761208	5.54903378694572	I
-2.69511839788442	3.92279193407138	4.05097129786454	-2.50561408489022	3.65977345908561	-0.972094993767708	O
3.44308792695389	4.80902708287649	3.56248583511001	3.49449648680986	6.36754762347207	3.59040203760887	O
-3.05235710432951	1.4697910479048	3.6084509300019	-3.5418835691807	2.68659126758251	-4.3245833556364	I
-2.74078219027601	2.98818508157606	4.19357616040294	-2.83155622006809	3.98109975843053	1.26246023049969	I
-3.29291952852141	-0.951255561116912	4.64259167652193	-3.39566313846427	-0.414448857438046	-1.7344651798889	I
-2.72335702183446	-0.176355687130847	3.81689136911264	-2.72964168477491	1.16586304942626	-0.517387713136144	I
-0.643013158961009	-4.36107640709093	4.08020431494346	-0.844257140299873	-2.18246277858343	2.89246288438011	O
-1.88897713349587	3.02928530818637	3.76079239875443	-1.76767760497636	4.31644850575113	2.9227645508898	I
4.23379642103244	-1.48929001180733	4.0061170540682	4.76816631135306	-0.801225309798285	2.43455502537205	O
-0.69792608670416	3.49272450184556	3.50293156158579	-0.492035915814094	4.42541791504138	0.333128721846047	O
-3.15183679875864	4.9180721638263	3.55064471578622	-3.39346005703767	5.33060399517086	-0.752176624281688	O
4.04880968679893	-0.156760455368102	3.80510140132806	4.52204839148857	1.68195274846878	-1.71199450485233	O
4.79748378356085	-1.43635404642415	4.69985623098641	4.48762005739266	-0.260626487438206	-1.48261950519061	O
-0.611300268738968	-4.45628914960099	3.6145358928293	-1.11893657075959	-3.56833052064374	-7.06024739489635	O
-3.88880776559401	4.14077060021409	3.76527331253558	-4.79281559104883	5.48275326179567	-2.27408608668306	O
-2.41935304087933	2.04968741364115	4.70471057264606	-2.67605942196665	2.58705266040691	3.58091519898091	I
-0.912801538874479	-0.619163951487738	3.48661668891227	-0.703877106306218	0.24090137965078	-0.226314960765359	I
0.948960740086143	4.68109025296514	4.29367616097167	1.07626801225107	4.54138294331315	-0.287764800251622	O
-2.37788252219155	2.23820838156331	3.58945868320661	-3.20543249065176	2.28881020801802	-2.531156062215	I
1.02843089382083	1.56803307680569	3.97025900163501	1.46132811818158	2.06603111920047	-0.923114233689845	I
2.11215780433683	0.147715889386915	4.10898356432862	2.83967082701257	-0.511877442358712	2.4110294768554	I
-2.7825326598276	3.77056257493346	4.3249482983048	-2.67555321272176	5.05725382457003	4.31418744397825	O
-3.82582349144194	-4.39825839305583	3.90921223309088	-4.40992113280042	-3.97705502673002	1.33279802040913	O
-2.03324126781673	-0.285223530047045	3.66612511100346	-2.51218715334596	0.391900774374543	5.83759505291389	I
-1.81221698074118	-1.88983426061808	3.89005166350298	-2.12756768041367	-1.28681695676634	-0.497461305670921	I
-0.758332402861928	-3.05306928270846	4.58941275997722	-0.0675436758595153	-1.98212111201689	-0.181619415011901	I
0.0785828466111815	-3.48950461131155	4.9566038615104	1.07257800108033	-3.19883528622968	3.40810448764028	I
-4.14484202909956	4.0142040496197	4.16272803896041	-4.39175867665004	5.03189899119054	1.24325973957161	O
-2.37517765301667	-4.2934170465158	4.55982932905733	-1.84903570723369	-3.3288431172253	3.45342419891115	O
3.01014622769739	4.58387716954149	3.58520174117281	2.37075468587901	6.64962078312934	1.534204507029	O
-4.70779722437854	1.99889739577651	4.14352873492791	-4.40734359241786	1.87991840942163	0.648720478197955	O
4.28854139478045	-4.8799033611163	4.57407709477588	4.14589539255481	-3.00143493024512	2.16411603030301	O
2.30330862855453	-4.95119600680896	4.04303958479411	1.62122044391803	-5.24770051846154	0.566473336264193	O
-0.113910261964209	3.53291397884026	3.80814945677299	-0.728205275624095	3.76265940379914	-1.38468522503824	I
0.785250610234389	-0.327122255439861	3.3876111808326	0.936909823329099	0.436697242540785	4.02429432391242	I
-2.62716420228479	3.36718658877817	4.87418199750589	-2.36485888666087	2.74507733382137	-3.65561703604808	I
-0.411511718200689	-2.79375193116106	4.10592703111696	-0.267482590318455	-3.43183067750505	0.584474491355352	I
4.63088539286913	3.05960501451909	4.39062416602511	4.14568705970337	4.57413536862718	0.52566657378886	O
0.46805718738968	-2.5142055925909	4.83564662950434	0.779333440197465	-0.934914217301486	0.818992763840888	I
0.211358308040015	4.98272611507824	3.91818489285294	-0.481949153348649	5.47449731576703	2.01808774807198	O
-2.68405613291476	4.37897628438129	3.5908019736066	-2.94592004788	4.1216890021738	-1.52939347863251	O
-0.111022560798331	0.539563533520954	3.96188523506829	0.25582448300668	1.64952099775436	-0.362898520321023	I
1.2406008817369	4.12697424500699	3.16493116962722	0.785445226687826	5.47580099636292	2.15982052768977	O
1.79135540865748	1.35489936226613	3.51364861918824	2.53424012674042	1.94447762209149	-0.640810515249096	I
-1.04484784331407	2.80095732356123	4.07713618240279	-1.03218025403714	3.91389252136022	3.99470028443526	I
-1.32563351455523	0.672181772397719	3.91042166679704	-1.38647301231792	2.92723312406972	-2.45802958235994	I
4.87982003161633	-3.08238333073942	4.84819331743818	4.35915203972603	-2.88791237567939	-3.44804883519724	O
-4.62261133760448	4.06248331513915	4.385648799605	-3.85693020352743	4.97281953422565	-7.37522498717443	O
3.85168008202475	0.148564178152478	4.08364284784424	3.60299412015377	2.97475341651137	2.04357287497318	I
4.13286827639239	4.98976311034164	4.21813706550792	3.64295501316701	5.16846704084314	1.35154533385731	O
2.96183873585212	-1.22671334553093	4.15860039258099	2.68078426577557	-0.785443182276041	2.30833353168327	I
-4.01287721344426	-2.93888021882594	4.13060223655589	-3.73568710898733	-1.75321489131913	-0.147038997269223	O
-2.38128816129284	2.29946702724716	3.98143038777059	-1.74078399690112	3.68525507412483	3.33281935692868	I
-1.64643160037203	-1.86564326697066	3.55064219240423	-2.89985857947671	0.456577450320252	-2.2074952325576	I
1.79727951377338	-3.82419074352473	4.38832456372177	1.68707408904392	-3.27323601893456	-0.108910545391722	I
-3.6344686264463	3.88605592971567	4.12173140711435	-3.22076460515105	4.55024022058662	-1.53773790949524	O
2.2122749858174	1.93122898023161	3.43610509420662	2.24011201364684	2.60866490861173	-1.02424880704351	I
-3.93238138392759	4.39900141522557	3.63948788095026	-3.62876972979489	4.88435374036847	-0.641029024557017	O
1.5375734866856	-0.828326829259719	3.8541380022173	1.36108313311943	0.565791074214912	0.191913415077449	I
-0.0582606336072988	3.15770850199081	3.54242707071562	-1.10075220369261	3.61508950208479	2.0925323700499	I
2.79051723231275	3.04842686588036	4.10516273443211	2.14643847971151	3.50743830471082	-3.56760213370842	O
2.15037078400694	-1.395957229803	4.04455470265075	1.77150607872049	-0.681299514034058	-4.79115077987456	I
4.03720560556316	4.13814142909148	3.48160814975772	3.67586842188231	4.38840089892183	0.180557647978627	O
3.90922504330789	-2.11684167495246	4.92172075684284	3.7635662832196	-0.852607235997905	3.22971638122613	I
-1.65836947262504	-3.34998138077284	2.99905151118901	-2.95128018763155	-2.27438651850243	-1.22253177851178	O
1.98745832334794	-0.441374898396106	3.76693171850164	1.84462065376749	-0.341907428248699	2.55606201783037	I
-3.02190173314071	-2.57182684557382	4.41714160597707	-3.92647628882555	-2.51038344245057	-0.637909154417445	I
-4.69459053695363	-4.98077947446569	4.83751201275772	-3.71643961082096	-5.87309128578942	2.11993326599408	O
2.44074260367462	1.15342876447461	3.47483457045108	2.772159936021	2.15865703550835	0.0430563235030175	I
0.000224355902008755	1.61227860666023	3.69511761002778	-0.0447828836286735	3.1735585324311	0.717253372314867	I
-0.200778588539395	1.60336428092937	4.89372482160168	0.616500527135106	2.51960096428089	2.41955579608326	I
4.04722238067363	1.80475172422518	4.17481413862105	3.84683430546497	2.60755340434017	-0.355751012587028	O
1.09866648422558	3.50649672812977	3.52417864516534	1.39029674202883	4.28943196001458	2.08318652737557	O
1.17666389588455	-4.62685531569078	4.14281573411747	0.978526376123404	-3.39419313493313	-2.23381677843575	O
3.59442305646212	1.80775196000537	3.20912430850898	3.09589991432398	1.44341996659657	-2.47623507049623	O
3.05489424529686	0.711376012067774	3.21652284733311	3.1769158754878	0.797111365685552	-2.16262224058098	I
0.767215156146851	1.90214775346011	4.29309982638747	-0.365914236294584	3.02092739647622	-0.122745117380061	I
-3.17077530585086	3.95566443250527	3.08152349097936	-2.46486443785975	6.16299851707783	2.33176584413173	O
-2.60067989431283	-2.33137707572239	3.8095096591271	-2.28796934881014	-2.64217164396053	-3.07955643147625	I
3.86511933076101	-4.3144539163179	4.60020528899272	3.73262016879006	-3.32825254667809	-1.53557544802819	O
-4.71325847535894	-1.86398537394561	3.53862133179506	-4.71382108185804	-0.836442375888934	-0.443223045260609	O
-0.100986114877761	2.89179515820702	5.15660527200206	0.0334397518832107	3.70799497166223	2.27317224979626	I
-3.32072854317743	-0.0166017693329745	4.58109125266086	-2.57828137647725	0.594295421708903	0.859810303197303	I
4.78680649641159	-0.629672591034637	3.18775759723699	4.80406467840964	-0.17944498619349	-0.826469120187163	O
2.12694471678914	-3.31594301571706	4.49256680931428	1.22175802310999	-2.37792307184793	-1.61860911266739	I
0.00471624154843031	-2.35437323332204	3.26004418391538	0.445360431718978	-1.53669802885284	4.85421692339197	I
-0.289116254580607	1.83881583354393	3.43366100353386	-0.47712125198309	2.81971125261898	-2.57313626688813	I
-4.40381132420361	3.16637406531762	4.96024677669477	-3.96207981797251	3.24693141529968	2.91292748892568	O
1.81971904149063	2.05520989919261	4.50647874001208	1.90778515852643	1.71676435315421	-6.06529072160711	I
-4.57568862499258	0.76538892782125	5.01541539241506	-4.80815912605675	0.670066901653884	-1.57037405691632	I
-4.28554535399358	4.94062492960322	4.62667037198653	-3.5286350084067	5.19547593771545	2.35056717839826	O
0.216498424642837	-0.388067301113125	4.13614863507621	-0.386073749169022	0.378366968570849	2.78200485202082	I
-4.03269974219133	-0.0664674999856663	4.76977396005432	-4.30602073579312	-0.00849149986222204	0.84006459131781	I
3.18148553859625	-2.26040312613891	3.14934798887963	2.84299412804822	-1.63829354113285	2.61737616415224	O
3.17547092079286	1.55102886737909	4.25836435688557	3.6741568451552	2.96739027499371	0.640004474105367	I
2.22439592366842	-0.929429075908118	3.7824019562166	2.64765186171435	-0.434429697754581	-2.64039216208205	I
-3.50134557522033	-2.00036861697453	4.02968506655334	-3.12365465644298	-0.972886532048023	-0.623949553939882	O
1.59605252908307	1.05435572011172	4.55973968625959	1.2246085423682	1.61867298185805	-5.7986329846389	I
0.185949425105382	2.91173272035512	4.80172045970858	-0.110480996310251	4.47933477334022	0.484204147402602	I
4.72974554763863	4.70893567879101	3.75450044824194	4.73211319993574	4.38158158175098	-2.23475383911528	O
1.48991492712356	2.73383827316608	3.52685558395983	1.53253901719761	4.7749028851544	0.0489399194755602	I
3.00330575352401	0.999817096875902	3.89325921198054	2.97009869149516	1.87460370114551	5.54633791993449	I
-0.462022912730805	-0.509313672156093	4.36462600274069	0.0540335011766125	-0.151589415644101	-0.329712728867337	I
-0.676084962165383	-3.46527229838535	3.92726254803433	-0.912323106669564	-3.30195563883138	-1.93795536718753	I
3.25313795402046	-2.88766996864502	3.95366766904089	2.31138455260241	-2.2219560997539	-7.58349884553859	O
-4.16530185141086	2.0034904129039	4.36731085112803	-4.68701275470222	2.05622491112786	-0.215213821002957	O
-3.66828992392838	4.56182186144888	3.6584033524558	-3.12821505791641	5.65134168454969	-4.52093122423586	O
-3.26611386880994	1.35468664889003	4.4511261941635	-2.54340565031309	1.69164965629943	3.0590759564879	I
-1.09062197676264	3.91271161381996	4.34300825813231	-0.711011724681904	4.59023406350686	-2.98252868011833	I
3.3137974283907	-2.83714986301948	3.87854251831118	3.72365913345754	-2.64897327863896	0.0452843725510231	O
3.0336439160244	1.83543705465102	4.89727250358841	2.41359907013431	2.62284024161722	3.01034764124107	I
-4.39528820830106	-1.84941380595734	3.08243379349244	-3.91243956400407	-0.978450578761617	-2.13701613831431	O
-1.00742229386424	-4.74613419731042	4.73094252400434	-0.866417414232428	-4.28088293489891	0.698052395906678	O
0.268758305082959	3.20249038054779	3.98576563423089	-0.172977905029762	4.66739732130651	-2.20180816981656	I
-0.832005320692131	-0.673313008783124	3.3655246499267	-0.288459925710119	-1.42422774094401	-2.49341133046473	I
1.56859890973707	-4.11293387415352	4.15276689414393	1.81360291145231	-2.67546027594433	-5.50379567208805	O
1.27973359190104	4.35083991453488	3.40975207021667	1.3907506461754	6.53756067758808	-1.29341635628081	O
-2.08015920038285	-1.09223183997995	5.1987248361166	-2.07074594711008	-0.349179103555716	3.49960646718498	I
-0.683488297512798	0.879316464550494	4.31345144279236	-0.0743913278517357	1.86177649388953	-1.89853022559827	I
-4.84512874363981	-2.60164058643973	3.05047801658661	-5.23578472740653	-1.90836278830294	0.958317000911567	O
4.84063724379154	1.53565004702233	3.6239534519533	5.28306492629487	1.41143956168897	-0.139972620409982	O
-3.32831590085344	-1.33467516372075	3.99564352843097	-3.49592134982067	-0.325384702114625	0.42950886501291	I
-3.93783655071336	-0.187500673925589	3.76581905180652	-3.2697922825103	0.187536369646335	1.14521143357918	O
-1.27590259944463	-0.98314435642917	4.25631215561467	-2.87217818164775	1.64363391115109	-1.87292249431714	I
-3.01881597457025	-1.66202455847461	3.02725208968762	-3.09954987922475	-1.72065860762526	-2.88908493779641	O
-0.103123619839761	-2.32414631588676	4.51131859041315	-0.381130649115262	-1.2234678890784	-1.05273696089955	I
-1.60506586609242	2.67842963639545	3.19669147945641	-0.803772152355799	2.58817217064566	-0.854568837999505	I
4.51630464777727	-2.59618081053172	3.44973323376305	4.17454216034836	-2.34388397880457	3.68877152231596	O
4.20332039836564	4.61277161583316	3.62106376607113	4.70597170831354	5.35137881468501	0.179150157386656	O
-4.47323002319207	4.23551261388231	5.27344060841366	-4.08851027565981	4.56021169908549	-4.58717742732746	O
2.37858095516997	-2.25753086994047	3.78181156270704	2.71740874506767	-2.62896743005119	-0.350065689698866	I
-2.30880573601444	-2.76721019132111	4.67266577540343	-2.5303285123787	-1.32771888445472	-1.55986469193528	I
-0.771643849911922	-2.47876437117836	3.49374235476807	-0.415290284306001	-1.09242294277623	6.96210436251415	I
0.478709012148447	-2.53006579702432	3.94901596390651	0.316386577923982	-2.19036884512123	3.72607107155726	I
4.42736984276934	-2.6042362300105	4.78688020276819	3.82560045190082	-1.56212156981222	2.04645369308122	O
-0.822558956833378	-0.717490391952129	3.73575550631292	0.127273162062404	-0.0626770369327098	2.91255872733072	I
4.83052466469856	3.25925886908257	4.39392684486452	4.73508569773955	3.98764842792481	-1.24683631270797	O
-1.98545051287935	1.17186241365241	4.40939582552498	-1.80674899390297	1.49293383830128	0.999482475879354	I
2.01098755900926	-3.06125597726269	4.24991997419635	2.4192277638506	-2.62900594140986	0.177515617913875	I
1.66338851584426	3.08081447291849	3.51533593340747	1.95343510726735	3.82142320491309	1.40351931009007	I
0.391264650428567	4.85634194254939	3.83797462026826	0.296999578829907	5.67861889745903	2.53839465844355	O
1.98105520180308	-3.51397551568813	4.30147798323187	2.0467247474775	-1.53714872423213	0.638412530727765	I
1.66527913402587	3.53030808041202	3.81288049031669	1.03477022039731	4.79763842622843	-0.121826762306283	O
-3.21867545599662	-2.61398049565359	3.79552736713687	-3.18665293965478	-1.32040771010194	-1.75870739537952	O
-3.71985600279827	-0.830594492260293	4.97438581243389	-3.71459574366787	-1.07566884477006	3.10668841923567	I
4.99080394761361	-1.7760009765294	4.36110005917082	5.12214214307322	0.362510843653287	-3.32633316787233	O
-3.28878933643568	-0.659613607408956	4.17171922523699	-2.99458560032853	-0.689857692065907	-0.175855018130632	I
-4.67399179469472	-1.7257628836531	3.53324882808812	-4.86518644287172	-1.19012512489956	-0.328822646430854	O
0.611997927096601	-4.01031217362845	4.27434971779369	1.61503500995561	-3.62036022581634	2.59790191079171	I
3.8186650045181	1.71174399831591	3.15932251936288	3.60144691143159	2.74048352472883	0.672210879284274	O
1.69175304534394	-4.5064130419406	4.3855697890073	1.25569712996568	-2.97360461008082	-1.18724266872166	O
-3.09566732820046	-2.99004114529945	4.32512442579938	-2.44994283048313	-2.14639028421876	-1.0106166864661	I
-1.31083453936105	-0.00863072732750769	4.09619745626158	-2.45300147721325	-0.0322728109859322	-1.71222811417687	I
-0.392740627395884	-2.2458068202176	4.78076258506116	0.117080964052206	-1.2194910133315	-0.218535236207407	I
4.8163795097075	-0.80396077370091	3.60350793448526	5.73827331821389	-0.0326832361594662	1.07450623132187	O
-3.43595047773437	0.969928819851107	4.90856004476407	-3.8875322495114	2.84809409506031	0.450333366404472	I
3.55522805845911	-4.50855090566625	3.98732508470089	3.03892961558352	-3.42994604570728	3.55811802392933	O
1.44764536870088	3.86679430596533	3.74382872164013	0.884007255555339	4.60524604137681	1.82877205320299	O
-1.23727789721168	3.58299166946022	4.81873442591367	-1.31768794584201	4.20249022832777	-3.33704740129923	I
-3.09076304763697	-4.14938449953455	3.06193968490962	-4.37698118697497	-2.61319744914684	2.57205769549163	O
-0.71747007020614	-3.22583226774903	3.4195519178367	-0.259855046782549	-1.98504098728517	1.33261862941827	I
-0.179779389681437	-4.86601479196604	3.96507323891358	0.500911981402259	-4.0869661406621	4.18232979637688	O
-3.79388386702838	0.899854360378715	4.6590240236557	-3.40774176153316	0.677905065933959	-2.54983984598858	I
0.89507484695059	2.07861993500709	4.2704390633766	0.411433229099235	2.05886775938288	-0.582314246408146	I
-2.73812320247324	2.58922559365245	4.2336264747545	-2.40094788273495	3.19836553099176	4.92952383257656	I
-1.15380875630589	-2.86028706300408	3.78502553330651	-2.11815476855399	-2.24071433706305	1.61499252760465	I
0.829863827476739	4.66167268836941	2.41547708481176	1.2994531665003	5.88807724776092	0.881951345333519	O
-2.48193877527687	-0.156110275767674	3.1919675454257	-2.70518641403238	1.51111894815607	-2.00607615540845	I
-2.09559335723021	-4.37531898923158	4.03704833094129	-1.95730631625961	-3.2382730899424	0.743401414312645	O
1.17090884393223	-3.21540802215727	4.00080713356831	0.723827573252474	-2.04891330344146	0.8226068085058	I
-2.34719090189971	-1.61736616938445	4.56909372509405	-3.0946137493217	-1.09167700145947	2.35083785897561	I
3.24376266688835	3.80482195056471	4.26404475874106	3.3636995655581	5.23948779271864	1.01559191501402	O
4.8266339972195	-4.57279452139732	4.40732706524123	4.98974790132373	-3.0042460097431	0.0645737140178435	O
2.30248792267598	-1.44592583582258	4.2030039951075	2.3558875112123	-0.163108130770877	-9.18285396560437	I
-1.56122995885017	1.4073932471876	3.82283043774346	-0.69847045396565	2.50540038473178	0.0767485986825996	I
0.84069333278452	3.27883707476496	4.23101976878724	0.630685171238707	4.41897151417128	0.898147406645736	I
-3.92230984756257	-4.55376985423132	4.31627254547591	-3.09036760847266	-4.81181856521884	3.49396592093555	O
4.06308150649733	2.90825634168463	3.79702084092941	4.40491372441347	4.00540646453022	-5.50411235744153	O
3.79653724481905	-4.48849338910303	4.14376423763536	3.398741190431	-4.06780231335616	1.82709604881114	O
3.17760559370642	-2.03574152270507	4.44503957707292	2.83375169215095	-1.66147121254347	1.50856348198006	I
-2.39272000944535	-2.27857618770993	3.84729508370431	-3.18132631016949	-0.884929148774263	2.86396526960695	I
0.943562506643308	4.13453811472951	3.58821266035579	1.78722838327528	4.70037833161707	-1.19740887368818	O
-4.77487407259768	1.05467095370523	4.98635830178958	-4.35810777738617	2.58336324712636	-0.620676501914799	I
-0.747406797858651	0.0221745131187912	3.59932875997431	-1.07744976919092	1.72768124842525	3.61130105325907	I
-1.87281113179384	2.36600448720886	5.49108350600623	-1.90326388477752	3.85795706098767	-0.86105188878286	I
-3.3851525568825	-3.87876830394617	4.07063137825623	-3.39711352145215	-3.80506010452569	-6.04006841154907	O
-3.21233813247632	3.84489884652626	3.59299688022837	-3.59605212447117	6.16753867084511	2.06914964431464	O
-0.771143108999155	0.295506753744885	3.69118791816784	-0.924274216137748	1.56848509438874	6.27012652660767	I
-4.05770661112265	-4.94506078394527	3.5653311236929	-3.81867001833726	-4.3038369217611	-5.01042336023186	O
0.985236687567411	-3.37132085986647	4.16956663458558	0.583397519240236	-2.21997454694526	-3.71070130300862	I
-0.29075743641666	-2.37673947450849	3.84361172095837	0.0965552945385513	-1.91477899763855	-4.51530010695002	I
1.95949313301608	-4.61130169637367	3.7977839999669	2.52712744298636	-3.88872087953675	-0.662895043111169	O
1.99887849928292	1.82064471031633	3.92515882687468	3.22630854490013	2.61144490737038	-0.41981027849593	I
1.38530758271838	-4.71803535890804	4.3706465879907	1.47331971432363	-3.89044501193883	-2.61551366661229	O
-4.6639616393357	-0.000507927096061733	4.46449416169071	-4.78103041981464	-0.791677775022469	0.738207506385331	O
-4.31193900881949	-0.193050654405238	3.61763773002305	-3.55846846681291	-0.332087619523739	4.63301538662365	O
-1.80400264819504	-2.2147114861918	3.22000096712873	-2.24700922752015	-1.09367773556484	-0.800700301985906	I
0.308642806941265	0.904917124869876	3.4102169325008	0.26998645121527	0.844285048196544	-0.0194213503032129	I
1.54445707757066	-2.12584051758765	3.50046506275265	0.781502339464697	-0.963664890457432	1.22002730001661	I
-0.923808029588474	4.19946318974198	3.65824823126633	-1.91172768891795	4.73413090060152	6.69235117610027	O
3.19981222781941	-4.93936155040366	3.36129065510607	3.07181154129886	-3.43074124524218	-1.90169444165631	O
2.18358943205884	0.645303782715994	3.67441732867458	2.16796541532557	1.65919122466986	2.35050482806668	I
4.68649330231094	-1.31307678716859	4.11677640604244	5.1684133567113	-0.284711429209817	-1.97900692610165	O
0.313339065656745	-1.28639242657273	4.31013547807274	0.355216895058765	0.547361309757596	-0.113292617444681	I
-1.7485431817944	-4.7880567873735	4.0251583832795	-0.947710505684791	-3.72754566080036	6.67750105137733	O
-3.94370796670978	1.87250642698453	4.30922288681647	-3.25511185503345	2.78290134693618	6.65846062351734	O
1.10958658746201	0.545637438450848	3.55944798453011	2.06773737182036	1.82759756344406	2.3298580595106	I
2.78802241824093	2.65435790737544	3.69637021238243	2.19592122373814	3.20420759232606	1.93491613681612	O
-0.765470810372617	2.9133895957124	3.80929987038782	0.160493129487971	4.68231615855126	1.23807171245085	I
-4.09176714212561	-2.5343913944381	3.59614753409629	-4.61283343626213	-3.31101976306741	-2.28294842200174	O
-2.33528509220928	-3.00193348872675	3.82089825005983	-2.85306362809226	-4.13776304531301	3.47308983579393	I
-3.46343282408693	-1.33060941822817	3.92059105876382	-2.56212736332251	0.0602858414432645	-3.56833775975803	I
-2.18994697466129	2.1957202475292	3.43195939489398	-2.28377056213402	3.63705874834755	-5.53420035730478	I
-0.599148609982791	-3.74635178866481	4.9155742848522	-1.49703213457161	-3.12170317435521	-1.19279391023684	I
0.271427417606522	-0.701057641527431	4.66847627817006	1.09909585518256	-0.428119613077912	-1.68231654261362	I
-0.42575634312326	-4.83646513280106	4.68422162385012	-1.12426721654554	-4.67503670322608	-1.24213567671646	O
3.75371598604185	-4.28979841789055	4.45059894310754	4.56238231607176	-4.60037714308778	-2.74508163635409	O
0.180521083611042	2.1030610251391	3.59605797961996	0.993244113738785	3.21641608002105	-6.73711458729773	I
4.43622624548388	3.0294782212672	4.2043128376298	4.27110854668422	4.01490978780109	-7.04242539688507	O
1.37709098072174	4.10196621634692	4.05931106802627	1.51836684170871	4.34481583210214	-0.769750103110186	O
4.57693939841583	4.1212369527331	4.24919757015939	4.5036642522247	5.15186621364391	1.83090415782195	O
-2.5929296451984	1.29536177330463	4.80479485238445	-3.25717978453239	1.43615774960896	2.21885935539438	I
1.76122303863752	-3.68506205240494	3.70607057773117	2.26575835071096	-3.41978906301566	4.97085603042105	O
-2.10935428325523	-4.3786349272205	4.53706665020971	-2.83836534603374	-3.45795994546747	1.88364607754849	O
1.71808165414215	2.7754382520324	4.28326057988374	2.06977697657798	3.36391431267114	4.77191981851161	I
1.95140499551737	2.42149511397706	4.25430903313373	2.17149316765187	2.91683830289192	1.10110794301538	I
-4.32007231529989	1.25929233638159	3.92466211345575	-4.48490353020264	2.73537408566618	3.08850776562635	O
-2.45209843402995	2.29096676676907	3.34715930460929	-2.3712228668073	2.92449304009183	4.0519917731864	O
-2.75959969175781	-2.96985640437333	3.78639926227982	-2.32810790077489	-2.32028590971684	2.33421601562977	O
1.67832727013717	2.94994806452332	3.55050906036476	1.45612937069944	4.74178692968912	-1.14894641921606	I
3.44392156527205	4.74571169963958	3.82025162112357	3.40168251815573	5.40782043412221	1.52532740135925	O
-1.55537588698958	-0.798558395600395	4.89182220419475	-1.55290307317103	-1.36946776450749	-2.17781688369994	I
2.80519652731358	-2.54279410019198	3.21886495237447	2.02460628539131	-0.880548798313719	2.38096158418678	O
1.75332065747	-0.19877989984954	3.6465946018943	1.84285751209202	-0.667470008720293	-3.45154754543317	I
-4.93284685681522	1.68972423132799	4.47478189775323	-4.98490323375853	2.25711229245052	-2.88045347164253	O
1.02170487581795	3.52375787151127	3.38032915090365	0.582464824082958	4.2350949141129	-2.9401090434244	O
-1.13228805479015	4.45322619785618	4.5931348732898	-1.88367338801158	5.15416106176341	-0.610858427587702	O
4.15991244131425	-3.71267736655666	4.3393324480905	3.92419919002531	-2.74835576751255	1.06284978953623	O
-4.98848942870893	1.9664525313009	4.52442290395779	-4.73355024956216	3.24035404232802	3.26420137581941	O
-0.375508407576713	-4.19915854988257	4.82080280004834	-0.290755160989744	-4.66561103843384	-3.4482881070774	I
-0.756509601846248	-3.96437348839384	4.45128919144735	-1.29793253106468	-2.52304865784243	3.02990884959999	I
-0.39083633971036	-3.68801636419229	3.066104396966	-0.0794630397238575	-3.71749636561684	0.389752162698401	O
2.70159728608609	0.150553990865201	4.03911729706501	2.65775247207777	0.44242278913736	-0.207502867446957	I
-1.77528192813221	-0.182189157258155	4.42398975179541	-1.18871964401489	0.937267869812222	-0.190005979790042	I
2.84739294760742	-0.541165972775143	2.54881000080477	2.4343288892435	0.109429573009227	-3.67092975733181	O
-0.286428462893884	2.98176904106939	3.64731777973767	-0.45580330370016	2.63137523051159	1.01630585150888	I
-4.64237266730882	0.289382468754238	3.93276735035143	-4.22796233936258	2.24941277946262	0.379278778299929	O
-3.24125584316469	1.68843730692296	3.97201857585568	-2.41185031562684	3.30565307856997	5.63546676154002	I
2.21758033391102	-0.166624125811887	4.62951975390453	2.15535683427089	0.14437640001155	-2.54867938482575	I
-0.265140070346797	-1.67312995054093	3.77624532820295	-0.596976616846996	-0.267984466240764	1.35520421704385	I
-3.47278799561768	-2.41198346838682	3.77449888186532	-2.99707830074618	-2.33346050046082	2.36690269040614	O
-1.58875392950891	4.73702708957246	3.80562563342236	-2.21654103901494	5.22150763774362	-2.06766660727568	O
1.07389213768347	-2.35639705158325	3.85792499409589	0.774544458286274	-1.61012175508557	-2.12741626521569	I
-3.08254744538202	2.89940849883973	3.04990834404241	-1.98637092257374	3.10754043528025	-5.92749823874103	O
2.38426839976942	-0.029310788431326	4.40251558379883	1.76557207253408	2.21433408641728	-1.87027100739758	I
-2.57150401681831	-1.7921473492959	4.0071107341084	-2.08354003351319	-1.17201020438473	4.70178910826931	I
4.17424342049382	1.16282788890271	4.13340354982164	3.3646319248992	1.80627602395944	2.3200467674346	O
-2.30938413313982	-4.93105850101219	3.9864490343444	-1.94461507969617	-4.55700450553899	-3.90110837551269	O
2.65500016621438	-4.370663463215	3.67915079002681	2.73694786114521	-4.12818026924736	-1.6336197576568	O
-3.11338023208509	4.2002496779444	4.05931881670605	-3.51395256965524	5.65507271381387	-2.95298414970195	O
-2.12501826933869	4.06163694464487	4.97611425621066	-2.35482138839465	4.8667733204183	4.95004793040312	I
-4.08886536313465	3.31537125309564	4.21851282380886	-4.34857998522506	3.29988006265519	-1.90483089594623	O
0.76209380663007	4.13674673545519	3.99214673802593	0.636941684235127	4.41520878466948	0.240721394353758	O
1.83363243294653	1.79157649618103	4.73690550138527	1.63927313861832	2.2522504478961	1.95255597013018	I
0.465931145903228	2.77058598287295	4.38652222994603	0.161326861853772	3.06819302817752	1.06639167479267	I
-0.742711581288121	1.93667946391772	3.88451977189007	0.090825978039426	3.67457639417291	-3.90249296663289	I
1.44442781431336	-3.01143530194391	3.73332471489496	1.11436809435763	-1.33691373854031	1.13984494964553	I
1.47617630172684	-0.476117334576002	3.67239791203105	2.91781306791147	-0.0779331354894766	2.60421159523726	I
1.79016754093202	2.88886748898314	3.72069202705173	2.35584135503567	1.77266420096141	1.0913398411378	I
1.35786710514084	-4.98075453368139	3.12000809435978	1.4978379677821	-4.34193530593649	-4.38749435841141	O
4.45174113109401	0.555775972216589	3.7887826726715	4.6071978110479	0.67993344712772	-2.59120775780034	O
-2.91065077573977	-0.667517067708855	3.53305964011117	-3.04443002389963	0.260001462099145	-0.824998861625303	I
2.09281702710545	-4.41584054118512	5.9240933427193	2.07411317926382	-4.57594265864084	1.20497851666061	I
-2.63769423006203	-0.580401507513014	3.23156756278619	-2.64531595799477	-0.628959070302031	-3.90823803197875	I
-3.80603752202695	3.39593678799227	3.88922001925694	-3.25939393153718	4.76935366407212	1.02636029491793	O
1.07303940685635	1.18256676442999	3.64864901580561	0.983091592879573	2.4293109896307	-2.62535190113182	I
-0.49862303034104	2.41594056980671	3.92393366769527	-0.292389278670861	3.54211588306226	-4.06783790542242	I
-0.412745063511322	4.35637401517796	4.14522923707751	-0.1453133698658	4.25051103586398	1.3142016886007	O
1.61944751905652	-1.74689985394459	4.63647859023703	1.63869274588597	-0.859302600278571	3.31564858206593	I
2.7028551480366	2.45991443954401	4.7295817406897	2.59697836227808	3.18353588980502	3.23948766474992	I
-1.49781986558895	3.72898224076021	3.62615071464798	-1.14019925432111	3.21445068451486	1.31001031215885	O
1.62009598359135	-0.667140909065352	4.06786654994073	1.48207044773628	0.877138608123144	2.08824915730861	I
-0.838414100302035	0.215596624559257	3.72334798445405	-1.11893212665177	1.9595358283899	1.00833430286998	I
3.41929152691309	1.52659259481555	3.59256432754205	3.78910652189345	1.55444838317697	2.34786452427695	O
3.32916819075216	-0.309885424946296	4.64042216733306	2.65843326425432	0.172443476213744	-0.095283657486014	I
-2.43559007770853	-3.16700679980732	4.68834170450459	-2.61191283201344	-2.20645914442018	-1.11555914061522	I
1.13460736812875	-2.73997812237507	3.9211971983676	0.837837331066416	-2.14335263834626	-0.84169297742801	I
